              precision    recall  f1-score   support

           0       1.00      1.00      1.00         9
           1       0.89      0.80      0.84        10
           2       0.90      1.00      0.95         9
           3       0.75      1.00      0.86         9
           4       0.83      0.56      0.67         9
           5       0.67      0.89      0.76         9
           6       0.90      1.00      0.95         9
           7       1.00      1.00      1.00         9
           8       1.00      1.00      1.00         9
           9       0.43      1.00      0.60         9
          10       0.42      0.56      0.48         9
          11       0.89      0.89      0.89         9
          12       1.00      1.00      1.00         9
          13       0.80      0.89      0.84         9
          14       1.00      1.00      1.00         8
          15       0.00      0.00      0.00        12
          16       0.67      0.62      0.64        13
          17       1.00      1.00      1.00        11
          18       0.92      0.92      0.92        12
          19       1.00      1.00      1.00        11
          20       1.00      1.00      1.00        11
          21       0.90      0.69      0.78        13
          22       1.00      0.23      0.38        13
          23       0.81      1.00      0.90        13
          24       1.00      1.00      1.00         9
          25       1.00      1.00      1.00         9
          26       0.76      1.00      0.87        13
          27       1.00      0.75      0.86        12
          28       0.82      1.00      0.90        14
          29       0.94      1.00      0.97        15
          30       0.78      0.70      0.74        10
          31       0.83      0.83      0.83        12
          32       1.00      0.92      0.96        12
          33       1.00      0.92      0.96        13
          34       0.93      0.93      0.93        14
          35       0.95      1.00      0.97        19

    accuracy                           0.86       396
   macro avg       0.86      0.86      0.85       396
weighted avg       0.86      0.86      0.84       396
