              precision    recall  f1-score   support

           0       1.00      0.89      0.94         9
           1       0.82      0.90      0.86        10
           2       0.88      0.78      0.82         9
           3       0.90      1.00      0.95         9
           4       0.73      0.89      0.80         9
           5       1.00      0.89      0.94         9
           6       0.80      0.89      0.84         9
           7       0.82      1.00      0.90         9
           8       1.00      1.00      1.00         9
           9       0.78      0.78      0.78         9
          10       0.53      1.00      0.69         9
          11       0.88      0.78      0.82         9
          12       0.90      1.00      0.95         9
          13       0.86      0.67      0.75         9
          14       1.00      1.00      1.00         8
          15       0.83      0.83      0.83        12
          16       1.00      0.77      0.87        13
          17       1.00      1.00      1.00        11
          18       0.92      1.00      0.96        12
          19       1.00      0.91      0.95        11
          20       0.91      0.91      0.91        11
          21       0.93      1.00      0.96        13
          22       0.80      0.31      0.44        13
          23       0.71      0.38      0.50        13
          24       1.00      1.00      1.00         9
          25       1.00      1.00      1.00         9
          26       0.81      1.00      0.90        13
          27       0.91      0.83      0.87        12
          28       1.00      1.00      1.00        14
          29       0.65      0.87      0.74        15
          30       0.71      0.50      0.59        10
          31       0.56      0.75      0.64        12
          32       0.92      0.92      0.92        12
          33       1.00      1.00      1.00        13
          34       1.00      0.93      0.96        14
          35       1.00      0.95      0.97        19

    accuracy                           0.87       396
   macro avg       0.88      0.87      0.86       396
weighted avg       0.88      0.87      0.86       396
