              precision    recall  f1-score   support

           0       1.00      1.00      1.00         9
           1       0.90      0.90      0.90        10
           2       1.00      1.00      1.00         9
           3       1.00      1.00      1.00         9
           4       0.73      0.89      0.80         9
           5       0.88      0.78      0.82         9
           6       0.90      1.00      0.95         9
           7       1.00      1.00      1.00         9
           8       1.00      1.00      1.00         9
           9       1.00      0.78      0.88         9
          10       0.64      1.00      0.78         9
          11       0.88      0.78      0.82         9
          12       1.00      1.00      1.00         9
          13       1.00      0.89      0.94         9
          14       1.00      1.00      1.00         8
          15       0.86      1.00      0.92        12
          16       1.00      0.85      0.92        13
          17       1.00      1.00      1.00        11
          18       1.00      1.00      1.00        12
          19       1.00      1.00      1.00        11
          20       1.00      1.00      1.00        11
          21       0.92      0.85      0.88        13
          22       0.62      0.38      0.48        13
          23       1.00      0.85      0.92        13
          24       1.00      1.00      1.00         9
          25       1.00      1.00      1.00         9
          26       0.76      1.00      0.87        13
          27       1.00      1.00      1.00        12
          28       0.87      0.93      0.90        14
          29       1.00      1.00      1.00        15
          30       0.88      0.70      0.78        10
          31       0.79      0.92      0.85        12
          32       1.00      0.92      0.96        12
          33       1.00      1.00      1.00        13
          34       1.00      1.00      1.00        14
          35       0.95      1.00      0.97        19

    accuracy                           0.93       396
   macro avg       0.93      0.93      0.93       396
weighted avg       0.93      0.93      0.92       396
