              precision    recall  f1-score   support

           0       1.00      1.00      1.00         9
           1       0.91      1.00      0.95        10
           2       0.89      0.89      0.89         9
           3       1.00      1.00      1.00         9
           4       0.67      0.89      0.76         9
           5       1.00      0.78      0.88         9
           6       1.00      1.00      1.00         9
           7       1.00      1.00      1.00         9
           8       1.00      1.00      1.00         9
           9       0.82      1.00      0.90         9
          10       0.50      0.78      0.61         9
          11       0.88      0.78      0.82         9
          12       1.00      1.00      1.00         9
          13       1.00      0.89      0.94         9
          14       1.00      1.00      1.00         8
          15       1.00      0.83      0.91        12
          16       0.92      0.92      0.92        13
          17       1.00      1.00      1.00        11
          18       0.92      1.00      0.96        12
          19       1.00      1.00      1.00        11
          20       1.00      1.00      1.00        11
          21       0.92      0.85      0.88        13
          22       0.71      0.38      0.50        13
          23       0.92      0.92      0.92        13
          24       1.00      1.00      1.00         9
          25       1.00      1.00      1.00         9
          26       0.92      0.92      0.92        13
          27       1.00      1.00      1.00        12
          28       1.00      1.00      1.00        14
          29       1.00      1.00      1.00        15
          30       0.67      0.60      0.63        10
          31       0.69      0.75      0.72        12
          32       1.00      1.00      1.00        12
          33       0.93      1.00      0.96        13
          34       1.00      1.00      1.00        14
          35       1.00      1.00      1.00        19

    accuracy                           0.92       396
   macro avg       0.92      0.92      0.92       396
weighted avg       0.93      0.92      0.92       396
