              precision    recall  f1-score   support

           0       1.00      1.00      1.00         9
           1       0.90      0.90      0.90        10
           2       0.78      0.78      0.78         9
           3       1.00      0.67      0.80         9
           4       0.60      0.33      0.43         9
           5       0.53      0.89      0.67         9
           6       1.00      0.78      0.88         9
           7       1.00      1.00      1.00         9
           8       1.00      1.00      1.00         9
           9       0.71      0.56      0.62         9
          10       0.53      0.89      0.67         9
          11       0.86      0.67      0.75         9
          12       1.00      1.00      1.00         9
          13       0.67      0.89      0.76         9
          14       1.00      1.00      1.00         8
          15       0.71      0.83      0.77        12
          16       0.89      0.62      0.73        13
          17       1.00      1.00      1.00        11
          18       0.92      0.92      0.92        12
          19       1.00      1.00      1.00        11
          20       1.00      1.00      1.00        11
          21       0.90      0.69      0.78        13
          22       0.60      0.23      0.33        13
          23       0.88      0.54      0.67        13
          24       1.00      1.00      1.00         9
          25       1.00      1.00      1.00         9
          26       0.76      1.00      0.87        13
          27       0.80      1.00      0.89        12
          28       0.81      0.93      0.87        14
          29       0.79      1.00      0.88        15
          30       0.42      0.50      0.45        10
          31       0.50      0.42      0.45        12
          32       0.86      1.00      0.92        12
          33       1.00      1.00      1.00        13
          34       0.93      0.93      0.93        14
          35       0.95      1.00      0.97        19

    accuracy                           0.83       396
   macro avg       0.84      0.83      0.82       396
weighted avg       0.84      0.83      0.83       396
