              precision    recall  f1-score   support

           0       1.00      1.00      1.00         9
           1       0.90      0.90      0.90        10
           2       1.00      1.00      1.00         9
           3       1.00      0.22      0.36         9
           4       0.67      0.22      0.33         9
           5       0.56      1.00      0.72         9
           6       0.90      1.00      0.95         9
           7       1.00      1.00      1.00         9
           8       0.90      1.00      0.95         9
           9       1.00      0.22      0.36         9
          10       0.38      0.56      0.45         9
          11       0.88      0.78      0.82         9
          12       1.00      1.00      1.00         9
          13       0.88      0.78      0.82         9
          14       1.00      1.00      1.00         8
          15       0.63      1.00      0.77        12
          16       0.62      0.62      0.62        13
          17       1.00      1.00      1.00        11
          18       0.86      1.00      0.92        12
          19       1.00      1.00      1.00        11
          20       0.92      1.00      0.96        11
          21       0.78      0.54      0.64        13
          22       0.50      0.15      0.24        13
          23       0.93      1.00      0.96        13
          24       1.00      1.00      1.00         9
          25       1.00      1.00      1.00         9
          26       0.76      1.00      0.87        13
          27       0.67      1.00      0.80        12
          28       0.78      1.00      0.88        14
          29       1.00      1.00      1.00        15
          30       0.62      0.50      0.56        10
          31       0.64      0.75      0.69        12
          32       1.00      0.92      0.96        12
          33       0.79      0.85      0.81        13
          34       1.00      0.79      0.88        14
          35       1.00      1.00      1.00        19

    accuracy                           0.83       396
   macro avg       0.85      0.83      0.81       396
weighted avg       0.85      0.83      0.82       396
